19,118
19,117
19,116
19,115
19,114
19,113
19,112
19,111
19,110
19,109
19,108
19,107
19,106
19,105
19,104
19,103
19,102
19,101
19,100
19,99
19,98
19,97
19,96
19,94
19,93
19,92
19,91
19,90
19,89
19,88
19,87
19,86
19,85
19,84
19,82
19,81
19,80
19,79
19,78
19,77
19,76
19,75
19,74
19,73
19,72
19,70
19,68
19,67
19,66
19,65
19,64
19,35
19,34
19,33
19,32
19,31
19,30
19,28
19,27
19,26
19,25
19,24
19,23
19,22
19,20
19,19
19,18
19,17
19,16
19,14
19,13
19,12
19,11
19,10
19,9
19,8
19,7
19,6
19,5
19,4
14,191
14,190
14,189
14,188
14,187
14,186
14,185
14,184
14,183
14,182
14,181
14,180
14,179
14,178
14,177
14,176
14,175
14,174
14,173
14,172
14,171
14,170
14,169
14,168
14,167
14,166
14,165
14,164
14,163
14,162
14,161
14,160
14,159
14,158
14,157
14,156
14,155
14,154
14,153
14,152
14,151
14,150
14,149
14,148
14,147
14,146
14,145
14,144
14,143
14,142
14,141
14,140
14,139
14,138
14,137
14,136
14,135
14,134
14,133
14,132
14,131
14,130
14,129
14,127
14,126
14,124
14,123
14,122
14,121
14,120
14,119
14,118
